0, -0.5,1,0.1,0.1,0.2,-0.5, 1,0,0,0,0,0,0,1,0,0,0,0,0,0,1,0,0,0,0,0,0,1,0,0,0,0,0,0,1,0,0,0,0,0,0,1
0.1, -0.49,1.02,0.05,0.15,0.22,-0.47, 1,0,0,1,0,0,0,1,0,0,1,0,0,0,1,0,0,1,1,0,0,1,0,0,0,1,0,0,1,0,0,0,1,0,0,1
0.2, -0.475,1.042,0.003,0.2,0.24,-0.44, 3,0,0,1,0,0,0,3,0,0,1,0,0,0,3,0,0,1,1,0,0,1,0,0,0,1,0,0,1,0,0,0,1,0,0,1
0.3, -0.455,1.066,-0.041,0.25,0.26,-0.41, 3,0,0,1,0,0,0,3,0,0,1,0,0,0,3,0,0,1,1,0,0,1,0,0,0,1,0,0,1,0,0,0,1,0,0,1
0.4, -0.43,1.092,-0.082,0.3,0.28,-0.38, 3,0,0,1,0,0,0,3,0,0,1,0,0,0,3,0,0,1,1,0,0,1,0,0,0,1,0,0,1,0,0,0,1,0,0,1
0.5, -0.4,1.12,-0.12,0.35,0.3,-0.35, 3,0,0,1,0,0,0,3,0,0,1,0,0,0,3,0,0,1,1,0,0,1,0,0,0,1,0,0,1,0,0,0,1,0,0,1
0.6, -0.365,1.15,-0.155,0.4,0.32,-0.32, 3,0,0,1,0,0,0,3,0,0,1,0,0,0,3,0,0,1,1,0,0,1,0,0,0,1,0,0,1,0,0,0,1,0,0,1
0.7, -0.325,1.182,-0.187,0.45,0.34,-0.29, 3,0,0,1,0,0,0,3,0,0,1,0,0,0,3,0,0,1,1,0,0,1,0,0,0,1,0,0,1,0,0,0,1,0,0,1
0.8, -0.28,1.216,-0.216,0.5,0.36,-0.26, 3,0,0,1,0,0,0,3,0,0,1,0,0,0,3,0,0,1,1,0,0,1,0,0,0,1,0,0,1,0,0,0,1,0,0,1
0.9, -0.23,1.252,-0.242,0.55,0.38,-0.23, 3,0,0,1,0,0,0,3,0,0,1,0,0,0,3,0,0,1,1,0,0,1,0,0,0,1,0,0,1,0,0,0,1,0,0,1
1, -0.175,1.29,-0.265,0.6,0.4,-0.2, 3,0,0,1,0,0,0,3,0,0,1,0,0,0,3,0,0,1,1,0,0,1,0,0,0,1,0,0,1,0,0,0,1,0,0,1
1.1, -0.115,1.33,-0.285,0.65,0.42,-0.17, 3,0,0,1,0,0,0,3,0,0,1,0,0,0,3,0,0,1,1,0,0,1,0,0,0,1,0,0,1,0,0,0,1,0,0,1
1.2, -0.05,1.372,-0.302,0.7,0.44,-0.14, 3,0,0,1,0,0,0,3,0,0,1,0,0,0,3,0,0,1,1,0,0,1,0,0,0,1,0,0,1,0,0,0,1,0,0,1
1.3, 0.0200001,1.416,-0.316,0.75,0.46,-0.11, 3,0,0,1,0,0,0,3,0,0,1,0,0,0,3,0,0,1,1,0,0,1,0,0,0,1,0,0,1,0,0,0,1,0,0,1
1.4, 0.0950001,1.462,-0.327,0.8,0.48,-0.08, 3,0,0,1,0,0,0,3,0,0,1,0,0,0,3,0,0,1,1,0,0,1,0,0,0,1,0,0,1,0,0,0,1,0,0,1
1.5, 0.175,1.51,-0.335,0.85,0.5,-0.05, 3,0,0,1,0,0,0,3,0,0,1,0,0,0,3,0,0,1,1,0,0,1,0,0,0,1,0,0,1,0,0,0,1,0,0,1
1.6, 0.26,1.56,-0.34,0.9,0.52,-0.02, 3,0,0,1,0,0,0,3,0,0,1,0,0,0,3,0,0,1,1,0,0,1,0,0,0,1,0,0,1,0,0,0,1,0,0,1
1.7, 0.35,1.612,-0.342,0.95,0.54,0.01, 3,0,0,1,0,0,0,3,0,0,1,0,0,0,3,0,0,1,1,0,0,1,0,0,0,1,0,0,1,0,0,0,1,0,0,1
1.8, 0.445,1.666,-0.341,1,0.56,0.04, 3,0,0,1,0,0,0,3,0,0,1,0,0,0,3,0,0,1,1,0,0,1,0,0,0,1,0,0,1,0,0,0,1,0,0,1
1.9, 0.545,1.722,-0.337,1.05,0.58,0.07, 3,0,0,1,0,0,0,3,0,0,1,0,0,0,3,0,0,1,1,0,0,1,0,0,0,1,0,0,1,0,0,0,1,0,0,1
2, 0.65,1.78,-0.33,1.1,0.6,0.1, 3,0,0,1,0,0,0,3,0,0,1,0,0,0,3,0,0,1,1,0,0,1,0,0,0,1,0,0,1,0,0,0,1,0,0,1
2.1, 0.76,1.84,-0.32,1.15,0.62,0.13, 3,0,0,1,0,0,0,3,0,0,1,0,0,0,3,0,0,1,1,0,0,1,0,0,0,1,0,0,1,0,0,0,1,0,0,1
2.2, 0.875,1.902,-0.307,1.2,0.64,0.16, 3,0,0,1,0,0,0,3,0,0,1,0,0,0,3,0,0,1,1,0,0,1,0,0,0,1,0,0,1,0,0,0,1,0,0,1
2.3, 0.995,1.966,-0.291,1.25,0.66,0.19, 3,0,0,1,0,0,0,3,0,0,1,0,0,0,3,0,0,1,1,0,0,1,0,0,0,1,0,0,1,0,0,0,1,0,0,1
2.4, 1.12,2.032,-0.272,1.3,0.68,0.22, 3,0,0,1,0,0,0,3,0,0,1,0,0,0,3,0,0,1,1,0,0,1,0,0,0,1,0,0,1,0,0,0,1,0,0,1
2.5, 1.25,2.1,-0.25,1.35,0.7,0.25, 3,0,0,1,0,0,0,3,0,0,1,0,0,0,3,0,0,1,1,0,0,1,0,0,0,1,0,0,1,0,0,0,1,0,0,1
2.6, 1.385,2.17,-0.225,1.4,0.72,0.28, 3,0,0,1,0,0,0,3,0,0,1,0,0,0,3,0,0,1,1,0,0,1,0,0,0,1,0,0,1,0,0,0,1,0,0,1
2.7, 1.525,2.242,-0.197,1.45,0.74,0.31, 3,0,0,1,0,0,0,3,0,0,1,0,0,0,3,0,0,1,1,0,0,1,0,0,0,1,0,0,1,0,0,0,1,0,0,1
2.8, 1.67,2.316,-0.166,1.5,0.76,0.34, 3,0,0,1,0,0,0,3,0,0,1,0,0,0,3,0,0,1,1,0,0,1,0,0,0,1,0,0,1,0,0,0,1,0,0,1
2.9, 1.82,2.392,-0.132,1.55,0.78,0.37, 3,0,0,1,0,0,0,3,0,0,1,0,0,0,3,0,0,1,1,0,0,1,0,0,0,1,0,0,1,0,0,0,1,0,0,1
3, 1.975,2.47,-0.0949999,1.6,0.8,0.4, 3,0,0,1,0,0,0,3,0,0,1,0,0,0,3,0,0,1,1,0,0,1,0,0,0,1,0,0,1,0,0,0,1,0,0,1
3.1, 2.135,2.55,-0.0549999,1.65,0.82,0.43, 3,0,0,1,0,0,0,3,0,0,1,0,0,0,3,0,0,1,1,0,0,1,0,0,0,1,0,0,1,0,0,0,1,0,0,1
3.2, 2.3,2.632,-0.0119999,1.7,0.84,0.46, 3,0,0,1,0,0,0,3,0,0,1,0,0,0,3,0,0,1,1,0,0,1,0,0,0,1,0,0,1,0,0,0,1,0,0,1
3.3, 2.47,2.716,0.0340001,1.75,0.86,0.49, 3,0,0,1,0,0,0,3,0,0,1,0,0,0,3,0,0,1,1,0,0,1,0,0,0,1,0,0,1,0,0,0,1,0,0,1
3.4, 2.645,2.802,0.0830001,1.8,0.88,0.52, 3,0,0,1,0,0,0,3,0,0,1,0,0,0,3,0,0,1,1,0,0,1,0,0,0,1,0,0,1,0,0,0,1,0,0,1
3.5, 2.825,2.89,0.135,1.85,0.9,0.55, 3,0,0,1,0,0,0,3,0,0,1,0,0,0,3,0,0,1,1,0,0,1,0,0,0,1,0,0,1,0,0,0,1,0,0,1
3.6, 3.01,2.98,0.19,1.9,0.92,0.58, 3,0,0,1,0,0,0,3,0,0,1,0,0,0,3,0,0,1,1,0,0,1,0,0,0,1,0,0,1,0,0,0,1,0,0,1
3.7, 3.2,3.072,0.248,1.95,0.94,0.61, 3,0,0,1,0,0,0,3,0,0,1,0,0,0,3,0,0,1,1,0,0,1,0,0,0,1,0,0,1,0,0,0,1,0,0,1
3.8, 3.395,3.166,0.309,2,0.96,0.64, 3,0,0,1,0,0,0,3,0,0,1,0,0,0,3,0,0,1,1,0,0,1,0,0,0,1,0,0,1,0,0,0,1,0,0,1
3.9, 3.595,3.262,0.373,2.05,0.98,0.67, 3,0,0,1,0,0,0,3,0,0,1,0,0,0,3,0,0,1,1,0,0,1,0,0,0,1,0,0,1,0,0,0,1,0,0,1
4, 3.8,3.36,0.44,2.1,1,0.7, 3,0,0,1,0,0,0,3,0,0,1,0,0,0,3,0,0,1,1,0,0,1,0,0,0,1,0,0,1,0,0,0,1,0,0,1
4.1, 4.01,3.46,0.51,2.15,1.02,0.73, 3,0,0,1,0,0,0,3,0,0,1,0,0,0,3,0,0,1,1,0,0,1,0,0,0,1,0,0,1,0,0,0,1,0,0,1
4.2, 4.225,3.562,0.583,2.2,1.04,0.76, 3,0,0,1,0,0,0,3,0,0,1,0,0,0,3,0,0,1,1,0,0,1,0,0,0,1,0,0,1,0,0,0,1,0,0,1
4.3, 4.445,3.666,0.659,2.25,1.06,0.79, 3,0,0,1,0,0,0,3,0,0,1,0,0,0,3,0,0,1,1,0,0,1,0,0,0,1,0,0,1,0,0,0,1,0,0,1
4.4, 4.67,3.772,0.738,2.3,1.08,0.82, 3,0,0,1,0,0,0,3,0,0,1,0,0,0,3,0,0,1,1,0,0,1,0,0,0,1,0,0,1,0,0,0,1,0,0,1
4.5, 4.9,3.88,0.82,2.35,1.1,0.85, 3,0,0,1,0,0,0,3,0,0,1,0,0,0,3,0,0,1,1,0,0,1,0,0,0,1,0,0,1,0,0,0,1,0,0,1
4.6, 5.135,3.99,0.905,2.4,1.12,0.88, 3,0,0,1,0,0,0,3,0,0,1,0,0,0,3,0,0,1,1,0,0,1,0,0,0,1,0,0,1,0,0,0,1,0,0,1
4.7, 5.375,4.102,0.993,2.45,1.14,0.91, 3,0,0,1,0,0,0,3,0,0,1,0,0,0,3,0,0,1,1,0,0,1,0,0,0,1,0,0,1,0,0,0,1,0,0,1
4.8, 5.62,4.216,1.084,2.5,1.16,0.94, 3,0,0,1,0,0,0,3,0,0,1,0,0,0,3,0,0,1,1,0,0,1,0,0,0,1,0,0,1,0,0,0,1,0,0,1
4.9, 5.87,4.332,1.178,2.55,1.18,0.97, 3,0,0,1,0,0,0,3,0,0,1,0,0,0,3,0,0,1,1,0,0,1,0,0,0,1,0,0,1,0,0,0,1,0,0,1
5, 6.125,4.45,1.275,2.6,1.2,1, 3,0,0,1,0,0,0,3,0,0,1,0,0,0,3,0,0,1,1,0,0,1,0,0,0,1,0,0,1,0,0,0,1,0,0,1
5.1, 6.385,4.57,1.375,2.62,1.23,1.06, 3,0,0,1,0,0,0,3,0,0,1,0,0,0,3,0,0,1,1,0,0,1,0,0,0,1,0,0,1,0,0,0,1,0,0,1
5.2, 6.647,4.693,1.481,2.64,1.26,1.12, 3,0,0,1,0,0,0,3,0,0,1,0,0,0,3,0,0,1,1,0,0,1,0,0,0,1,0,0,1,0,0,0,1,0,0,1
5.3, 6.911,4.819,1.593,2.66,1.29,1.18, 3,0,0,1,0,0,0,3,0,0,1,0,0,0,3,0,0,1,1,0,0,1,0,0,0,1,0,0,1,0,0,0,1,0,0,1
5.4, 7.177,4.948,1.711,2.68,1.32,1.24, 3,0,0,1,0,0,0,3,0,0,1,0,0,0,3,0,0,1,1,0,0,1,0,0,0,1,0,0,1,0,0,0,1,0,0,1
5.5, 7.445,5.08,1.835,2.7,1.35,1.3, 3,0,0,1,0,0,0,3,0,0,1,0,0,0,3,0,0,1,1,0,0,1,0,0,0,1,0,0,1,0,0,0,1,0,0,1
5.6, 7.715,5.215,1.965,2.72,1.38,1.36, 3,0,0,1,0,0,0,3,0,0,1,0,0,0,3,0,0,1,1,0,0,1,0,0,0,1,0,0,1,0,0,0,1,0,0,1
5.7, 7.987,5.353,2.101,2.74,1.41,1.42, 3,0,0,1,0,0,0,3,0,0,1,0,0,0,3,0,0,1,1,0,0,1,0,0,0,1,0,0,1,0,0,0,1,0,0,1
5.8, 8.261,5.494,2.243,2.76,1.44,1.48, 3,0,0,1,0,0,0,3,0,0,1,0,0,0,3,0,0,1,1,0,0,1,0,0,0,1,0,0,1,0,0,0,1,0,0,1
5.9, 8.537,5.638,2.391,2.78,1.47,1.54, 3,0,0,1,0,0,0,3,0,0,1,0,0,0,3,0,0,1,1,0,0,1,0,0,0,1,0,0,1,0,0,0,1,0,0,1
6, 8.815,5.785,2.545,2.8,1.5,1.6, 3,0,0,1,0,0,0,3,0,0,1,0,0,0,3,0,0,1,1,0,0,1,0,0,0,1,0,0,1,0,0,0,1,0,0,1
6.1, 9.095,5.935,2.705,2.82,1.53,1.66, 3,0,0,1,0,0,0,3,0,0,1,0,0,0,3,0,0,1,1,0,0,1,0,0,0,1,0,0,1,0,0,0,1,0,0,1
6.2, 9.377,6.088,2.871,2.84,1.56,1.72, 3,0,0,1,0,0,0,3,0,0,1,0,0,0,3,0,0,1,1,0,0,1,0,0,0,1,0,0,1,0,0,0,1,0,0,1
6.3, 9.661,6.244,3.043,2.86,1.59,1.78, 3,0,0,1,0,0,0,3,0,0,1,0,0,0,3,0,0,1,1,0,0,1,0,0,0,1,0,0,1,0,0,0,1,0,0,1
6.4, 9.947,6.403,3.221,2.88,1.62,1.84, 3,0,0,1,0,0,0,3,0,0,1,0,0,0,3,0,0,1,1,0,0,1,0,0,0,1,0,0,1,0,0,0,1,0,0,1
6.5, 10.235,6.565,3.405,2.9,1.65,1.9, 3,0,0,1,0,0,0,3,0,0,1,0,0,0,3,0,0,1,1,0,0,1,0,0,0,1,0,0,1,0,0,0,1,0,0,1
6.6, 10.525,6.73,3.595,2.92,1.68,1.96, 3,0,0,1,0,0,0,3,0,0,1,0,0,0,3,0,0,1,1,0,0,1,0,0,0,1,0,0,1,0,0,0,1,0,0,1
6.7, 10.817,6.898,3.791,2.94,1.71,2.02, 3,0,0,1,0,0,0,3,0,0,1,0,0,0,3,0,0,1,1,0,0,1,0,0,0,1,0,0,1,0,0,0,1,0,0,1
6.8, 11.111,7.069,3.993,2.96,1.74,2.08, 3,0,0,1,0,0,0,3,0,0,1,0,0,0,3,0,0,1,1,0,0,1,0,0,0,1,0,0,1,0,0,0,1,0,0,1
6.9, 11.407,7.243,4.201,2.98,1.77,2.14, 3,0,0,1,0,0,0,3,0,0,1,0,0,0,3,0,0,1,1,0,0,1,0,0,0,1,0,0,1,0,0,0,1,0,0,1
7, 11.705,7.42,4.415,3,1.8,2.2, 3,0,0,1,0,0,0,3,0,0,1,0,0,0,3,0,0,1,1,0,0,1,0,0,0,1,0,0,1,0,0,0,1,0,0,1
7.1, 12.005,7.6,4.635,3.02,1.83,2.26, 3,0,0,1,0,0,0,3,0,0,1,0,0,0,3,0,0,1,1,0,0,1,0,0,0,1,0,0,1,0,0,0,1,0,0,1
7.2, 12.307,7.783,4.861,3.04,1.86,2.32, 3,0,0,1,0,0,0,3,0,0,1,0,0,0,3,0,0,1,1,0,0,1,0,0,0,1,0,0,1,0,0,0,1,0,0,1
7.3, 12.611,7.969,5.093,3.06,1.89,2.38, 3,0,0,1,0,0,0,3,0,0,1,0,0,0,3,0,0,1,1,0,0,1,0,0,0,1,0,0,1,0,0,0,1,0,0,1
7.4, 12.917,8.158,5.331,3.08,1.92,2.44, 3,0,0,1,0,0,0,3,0,0,1,0,0,0,3,0,0,1,1,0,0,1,0,0,0,1,0,0,1,0,0,0,1,0,0,1
7.5, 13.225,8.35,5.575,3.1,1.95,2.5, 3,0,0,1,0,0,0,3,0,0,1,0,0,0,3,0,0,1,1,0,0,1,0,0,0,1,0,0,1,0,0,0,1,0,0,1
7.6, 13.535,8.545,5.825,3.12,1.98,2.56, 3,0,0,1,0,0,0,3,0,0,1,0,0,0,3,0,0,1,1,0,0,1,0,0,0,1,0,0,1,0,0,0,1,0,0,1
7.7, 13.847,8.743,6.081,3.14,2.01,2.62, 3,0,0,1,0,0,0,3,0,0,1,0,0,0,3,0,0,1,1,0,0,1,0,0,0,1,0,0,1,0,0,0,1,0,0,1
7.8, 14.161,8.944,6.343,3.16,2.04,2.68, 3,0,0,1,0,0,0,3,0,0,1,0,0,0,3,0,0,1,1,0,0,1,0,0,0,1,0,0,1,0,0,0,1,0,0,1
7.9, 14.477,9.148,6.611,3.18,2.07,2.74, 3,0,0,1,0,0,0,3,0,0,1,0,0,0,3,0,0,1,1,0,0,1,0,0,0,1,0,0,1,0,0,0,1,0,0,1
8, 14.795,9.355,6.885,3.2,2.1,2.8, 3,0,0,1,0,0,0,3,0,0,1,0,0,0,3,0,0,1,1,0,0,1,0,0,0,1,0,0,1,0,0,0,1,0,0,1
8.1, 15.115,9.565,7.165,3.22,2.13,2.86, 3,0,0,1,0,0,0,3,0,0,1,0,0,0,3,0,0,1,1,0,0,1,0,0,0,1,0,0,1,0,0,0,1,0,0,1
8.2, 15.437,9.778,7.451,3.24,2.16,2.92, 3,0,0,1,0,0,0,3,0,0,1,0,0,0,3,0,0,1,1,0,0,1,0,0,0,1,0,0,1,0,0,0,1,0,0,1
8.3, 15.761,9.994,7.743,3.26,2.19,2.98, 3,0,0,1,0,0,0,3,0,0,1,0,0,0,3,0,0,1,1,0,0,1,0,0,0,1,0,0,1,0,0,0,1,0,0,1
8.4, 16.087,10.213,8.041,3.28,2.22,3.04, 3,0,0,1,0,0,0,3,0,0,1,0,0,0,3,0,0,1,1,0,0,1,0,0,0,1,0,0,1,0,0,0,1,0,0,1
8.5, 16.415,10.435,8.345,3.3,2.25,3.1, 3,0,0,1,0,0,0,3,0,0,1,0,0,0,3,0,0,1,1,0,0,1,0,0,0,1,0,0,1,0,0,0,1,0,0,1
8.6, 16.745,10.66,8.65499,3.32,2.28,3.16, 3,0,0,1,0,0,0,3,0,0,1,0,0,0,3,0,0,1,1,0,0,1,0,0,0,1,0,0,1,0,0,0,1,0,0,1
8.7, 17.077,10.888,8.97099,3.34,2.31,3.22, 3,0,0,1,0,0,0,3,0,0,1,0,0,0,3,0,0,1,1,0,0,1,0,0,0,1,0,0,1,0,0,0,1,0,0,1
8.8, 17.411,11.119,9.29299,3.36,2.34,3.28, 3,0,0,1,0,0,0,3,0,0,1,0,0,0,3,0,0,1,1,0,0,1,0,0,0,1,0,0,1,0,0,0,1,0,0,1
8.9, 17.747,11.353,9.62099,3.38,2.37,3.34, 3,0,0,1,0,0,0,3,0,0,1,0,0,0,3,0,0,1,1,0,0,1,0,0,0,1,0,0,1,0,0,0,1,0,0,1
9, 18.085,11.59,9.95499,3.4,2.4,3.4, 3,0,0,1,0,0,0,3,0,0,1,0,0,0,3,0,0,1,1,0,0,1,0,0,0,1,0,0,1,0,0,0,1,0,0,1
9.1, 18.425,11.83,10.295,3.42,2.43,3.46, 3,0,0,1,0,0,0,3,0,0,1,0,0,0,3,0,0,1,1,0,0,1,0,0,0,1,0,0,1,0,0,0,1,0,0,1
9.2, 18.767,12.073,10.641,3.44,2.46,3.52, 3,0,0,1,0,0,0,3,0,0,1,0,0,0,3,0,0,1,1,0,0,1,0,0,0,1,0,0,1,0,0,0,1,0,0,1
9.3, 19.111,12.319,10.993,3.46,2.49,3.58, 3,0,0,1,0,0,0,3,0,0,1,0,0,0,3,0,0,1,1,0,0,1,0,0,0,1,0,0,1,0,0,0,1,0,0,1
9.4, 19.457,12.568,11.351,3.48,2.52,3.64, 3,0,0,1,0,0,0,3,0,0,1,0,0,0,3,0,0,1,1,0,0,1,0,0,0,1,0,0,1,0,0,0,1,0,0,1
9.5, 19.805,12.82,11.715,3.5,2.55,3.7, 3,0,0,1,0,0,0,3,0,0,1,0,0,0,3,0,0,1,1,0,0,1,0,0,0,1,0,0,1,0,0,0,1,0,0,1
9.6, 20.155,13.075,12.085,3.52,2.58,3.76, 3,0,0,1,0,0,0,3,0,0,1,0,0,0,3,0,0,1,1,0,0,1,0,0,0,1,0,0,1,0,0,0,1,0,0,1
9.7, 20.507,13.333,12.461,3.54,2.61,3.82, 3,0,0,1,0,0,0,3,0,0,1,0,0,0,3,0,0,1,1,0,0,1,0,0,0,1,0,0,1,0,0,0,1,0,0,1
9.8, 20.861,13.594,12.843,3.56,2.64,3.88, 3,0,0,1,0,0,0,3,0,0,1,0,0,0,3,0,0,1,1,0,0,1,0,0,0,1,0,0,1,0,0,0,1,0,0,1
9.9, 21.217,13.858,13.231,3.58,2.67,3.94, 3,0,0,1,0,0,0,3,0,0,1,0,0,0,3,0,0,1,1,0,0,1,0,0,0,1,0,0,1,0,0,0,1,0,0,1
