10.0, 0,  0.5,1.0,0,0.5,0.5,0.5,  1,0,0,0,0,0, 0,1,0,0,0,0, 0,0,1,0,0,0, 0,0,0,1,0,0, 0,0,0,0,1,0, 0,0,0,0,0,1, 0.0, -0.03,-0.02,0.03, 5.0, 0.02,0.03,0.06

0,  -0.5,1.0,0.1,0.1,0.2,-0.5,  1,0,0,0,0,0, 0,1,0,0,0,0, 0,0,1,0,0,0, 0,0,0,1,0,0, 0,0,0,0,1,0, 0,0,0,0,0,1, 0.0, 0.5,0.2,0.3

0,0,0,1,0,0, 0,0,0,0,1,0, 0,0,0,0,0,1, 0,0,0,0,0,0, 0,0,0,0,0,0, 0,0,0,0,0,0,  1,0,0,0,0,0, 0,1,0,0,0,0, 0,0,1,0,0,0, 0,0,0,1,0,0, 0,0,0,0,1,0, 0,0,0,0,0,1,  0,0,0, 0,0,0, 0,0,0, 1,0,0, 0,1,0, 0,0,1

1,0,0,1

3

0.01

