3

200.0, 0,  0.5,1.0,0,0.02,0.01,0.02,  0.01,0,0,0,0,0, 0,0.01,0,0,0,0, 0,0,0.01,0,0,0, 0,0,0,0.0001,0,0, 0,0,0,0,0.0001,0, 0,0,0,0,0,0.0001, 1.0, 0.01,0.02,0.0001, 1.5, 0.0, 0.0, 0.0
200.0, 0,  1.0,0.5,0,-0.02,0.01,0.02,  0.01,0,0,0,0,0, 0,0.01,0,0,0,0, 0,0,0.01,0,0,0, 0,0,0,0.0001,0,0, 0,0,0,0,0.0001,0, 0,0,0,0,0,0.0001, 20.0, 0.001,-0.0012,-0.012, 22.0, 0.0,0.0,0.0

0,  -0.5,-1.0,0.0,0.1,0.2,-0.5,  1,0,0,0,0,0, 0,1,0,0,0,0, 0,0,1,0,0,0, 0,0,0,1,0,0, 0,0,0,0,1,0, 0,0,0,0,0,1, 0.0, 0.0,0.0,0.0
0,  0.0,-0.5,0.0,0.1,0.2,-0.5,  1,0,0,0,0,0, 0,1,0,0,0,0, 0,0,1,0,0,0, 0,0,0,1,0,0, 0,0,0,0,1,0, 0,0,0,0,0,1, 0.0, 0.0,0.0,0.0

0,0,0,1,0,0, 0,0,0,0,1,0, 0,0,0,0,0,1, 0,0,0,0,0,0, 0,0,0,0,0,0, 0,0,0,0,0,0,  0.01,0,0,0,0,0, 0,0.01,0,0,0,0, 0,0,0.01,0,0,0, 0,0,0,0.0001,0,0, 0,0,0,0,0.0001,0, 0,0,0,0,0,0.0001,  0,0,0, 0,0,0, 0,0,0, 1,0,0, 0,1,0, 0,0,1

0.01,0,0,0.01

3

0.01

0.001
